116
124
119
100
127
103
140
82
107
132
100
92
76
129
138
128
115
13
70
121
114
114
121
107
120
123
83
96
116
110
71
86
136
118
120
110
107
15
89
71
98
105
106
52
123
101
111
130
129
94
124
127
128
112
83
95
118
11
86
120
106
115
100
107
131
114
121
110
115
93
116
76
138
126
143
93
121
13
81
135
108
152
127
118
110
115
109
133
116
129
118
126
137
110
32
139
132
11
140
119
109
108
103
88
87
144
105
138
115
104
129
108
92
100
145
93
115
8
124
123
141
96
146
115
124
113
98
110
153
165
140
132
79
101
127
137
129
14
126
155
120
128
119
108
113
93
144
124
89
126
87
120
99
60
115
86
143
9
106
148
113
135
117
129
120
117
92
118
80
132
121
119
57
126
126
77
135
13
102
107
115
135
112
121
89
135
127
115
133
64
91
126
78
85
106
94
122
11
109
89
99
118
104
102
94
113
124
118
104
124
133
80
117
112
112
112
102
11
107
104
90
113
132
122
89
111
118
108
148
103
112
128
86
111
140
126
143
12
124
110
142
92
132
128
97
132
99
131
120
106
115
101
130
120
130
89
107
15
90
116
106
111
120
198
123
152
135
83
107
55
131
108
100
104
112
121
102
11
102
101
118
114
112
133
139
113
77
109
142
144
114
117
97
96
93
120
149
10
107
117
93
103
121
118
110
89
127
100
156
106
122
105
92
128
124
125
118
11
110
149
98
98
141
131
92
141
110
134
90
88
111
137
67
95
102
75
108
11
99
79
110
124
122
104
133
98
108
125
106
128
132
95
114
67
134
136
138
12
103
113
142
121
125
111
97
127
117
122
120
80
114
126
103
98
108
100
106
9
116
109
98
97
129
114
102
128
107
119
84
117
119
128
121
113
128
111
112
12
122
91
117
100
108
101
144
104
110
146
117
107
126
120
104
129
147
111
106
13
97
90
120
117
94
116
119
108
109
106
134
121
125
105
177
109
109
109
79
11
92
103
110
95
111
144
130
83
93
81
116
115
131
135
116
97
108
103
134
14
72
112
101
111
129
128
108
90
113
99
103
41
129
104
144
124
70
106
118
9
85
93
100
105
104
113
106
88
102
125
132
123
160
100
128
131
49
102
110
10
96
116
128
102
124
110
129
102
101
119
101
119
141
112
100
105
155
124
67
9
134
123
92
56
17
135
141
105
133
118
117
112
87
92
104
104
132
121
118
12
114
90
109
78
117
165
127
122
108
109
119
98
120
101
96
76
143
83
100
12
124
137
90
129
89
125
131
118
72
121
91
113
91
137
110
137
111
135
105
8
112
104
102
122
144
114
120
136
144
98
108
130
119
97
142
115
129
125
109
10
114
106
109
119
89
98
104
115
99
138
122
91
161
96
138
140
32
132
108
9
118
58
158
127
121
75
112
121
140
80
125
73
115
120
85
104
95
106
100
8
99
113
95
146
126
58
64
137
69
90
104
124
120
62
83
96
126
155
133
11
97
105
117
78
105
99
123
86
126
121
109
97
131
133
121
125
120
97
101
9
111
119
117
80
145
128
140
97
126
109
113
125
157
97
119
103
102
128
116
9
109
112
67
121
116
126
106
116
77
119
119
122
109
117
127
114
102
75
88
11
99
136
127
136
103
97
130
129
128
119
22
109
145
129
96
128
122
115
102
12
109
120
111
114
115
112
146
100
106
137
48
110
97
103
104
107
123
87
140
8
112
123
130
123
125
124
135
119
78
125
103
55
69
83
106
130
98
81
92
11
112
104
118
107
117
123
138
130
100
78
146
137
114
61
132
109
133
132
120
11
133
133
86
116
101
124
126
94
93
132
126
107
98
102
135
59
137
120
119
10
125
122
101
119
97
86
105
140
89
139
74
131
118
91
98
121
102
115
115
13
100
90
110
113
136
140
129
117
117
129
143
88
105
110
123
87
97
99
128
12
110
132
78
128
126
93
148
121
95
121
127
80
109
105
136
141
103
95
140
11
118
117
114
109
144
119
127
116
103
144
117
131
74
109
117
100
103
123
93
10
113
144
99
170
97
135
115
89
120
106
141
137
107
132
132
58
113
102
120
9
104
108
85
115
108
89
88
126
122
107
68
121
113
116
94
85
93
132
146
9
132
104
102
116
108
107
121
132
105
114
107
121
101
110
137
122
102
125
104
12
121
111
101
93
93
88
72
142
118
157
121
58
92
114
104
119
91
52
110
11
100
147
114
99
123
97
79
81
146
92
126
122
72
153
97
89
100
104
124
8
81
129
